--Preprocessing Logging--
--Pipeline Logging--
--Baselines Logging--
--MPPN Logging--

---S---
          event_id  activity  resource  timestamp_Relative_elapsed
trace_id                                                          
Case10           0         1         6                   -0.784853
Case10           1         7         6                    1.302379
Case10           2         6         6                    1.302383
Case10           3         2         9                    2.143925

---X---
['activity', 'resource']
torch.Size([144, 2, 64])
['activity', 'resource']
torch.Size([144, 1, 64])

---Y---
['activity', 'resource']
torch.Size([144, 2])
['timestamp_Relative_elapsed']
torch.Size([144, 1])

---XS & YS ---
xs is 2 X torch.Size([144, 2, 64]) torch.Size([144, 64]) <class 'tuple'>
ys is 3 X torch.Size([144]) torch.Size([144]) torch.Size([144]) <class 'tuple'>

---Datapoints---
xs[0] is tensor([[0, 0, 0, 0, 0, 0, 0, 0, 0, 0, 0, 0, 0, 0, 0, 0, 0, 0, 0, 0, 0, 0, 0, 0,
         0, 0, 0, 0, 0, 0, 0, 0, 0, 0, 0, 0, 0, 0, 0, 0, 0, 0, 0, 0, 0, 0, 0, 0,
         0, 0, 0, 0, 0, 0, 0, 0, 0, 0, 0, 0, 0, 0, 0, 1],
        [0, 0, 0, 0, 0, 0, 0, 0, 0, 0, 0, 0, 0, 0, 0, 0, 0, 0, 0, 0, 0, 0, 0, 0,
         0, 0, 0, 0, 0, 0, 0, 0, 0, 0, 0, 0, 0, 0, 0, 0, 0, 0, 0, 0, 0, 0, 0, 0,
         0, 0, 0, 0, 0, 0, 0, 0, 0, 0, 0, 0, 0, 0, 0, 4]])
ys[0] is 7
ys[1] is 6
ys[2] is -0.7759684920310974

---S---
          event_id  activity  resource  timestamp_Relative_elapsed
trace_id                                                          
Case1            0         1         1                   -0.784853
Case1            1         7         1                   -0.784825
Case1            2         7         6                   -0.615112
Case1            3         6         1                    0.110899
Case1            4         2         7                    0.961835

---X---
['activity', 'resource']
torch.Size([13, 2, 64])
['activity', 'resource']
torch.Size([13, 1, 64])

---Y---
['activity', 'resource']
torch.Size([13, 2])
['timestamp_Relative_elapsed']
torch.Size([13, 1])

---XS & YS ---
xs is 2 X torch.Size([13, 2, 64]) torch.Size([13, 64]) <class 'tuple'>
ys is 3 X torch.Size([13]) torch.Size([13]) torch.Size([13]) <class 'tuple'>

---Datapoints---
xs[0] is tensor([[0, 0, 0, 0, 0, 0, 0, 0, 0, 0, 0, 0, 0, 0, 0, 0, 0, 0, 0, 0, 0, 0, 0, 0,
         0, 0, 0, 0, 0, 0, 0, 0, 0, 0, 0, 0, 0, 0, 0, 0, 0, 0, 0, 0, 0, 0, 0, 0,
         0, 0, 0, 0, 0, 0, 0, 0, 0, 0, 0, 0, 0, 0, 0, 1],
        [0, 0, 0, 0, 0, 0, 0, 0, 0, 0, 0, 0, 0, 0, 0, 0, 0, 0, 0, 0, 0, 0, 0, 0,
         0, 0, 0, 0, 0, 0, 0, 0, 0, 0, 0, 0, 0, 0, 0, 0, 0, 0, 0, 0, 0, 0, 0, 0,
         0, 0, 0, 0, 0, 0, 0, 0, 0, 0, 0, 0, 0, 0, 0, 1]])
ys[0] is 7
ys[1] is 1
ys[2] is -0.7848244905471802

---S---
          event_id  activity  resource  timestamp_Relative_elapsed
trace_id                                                          
Case14           0         1         4                   -0.784853
Case14           1         7         4                   -0.784844
Case14           2         6         4                   -0.784638
Case14           3         2         9                    0.964141

---X---
['activity', 'resource']
torch.Size([38, 2, 64])
['activity', 'resource']
torch.Size([38, 1, 64])

---Y---
['activity', 'resource']
torch.Size([38, 2])
['timestamp_Relative_elapsed']
torch.Size([38, 1])

---XS & YS ---
xs is 2 X torch.Size([38, 2, 64]) torch.Size([38, 64]) <class 'tuple'>
ys is 3 X torch.Size([38]) torch.Size([38]) torch.Size([38]) <class 'tuple'>

---Datapoints---
xs[0] is tensor([[0, 0, 0, 0, 0, 0, 0, 0, 0, 0, 0, 0, 0, 0, 0, 0, 0, 0, 0, 0, 0, 0, 0, 0,
         0, 0, 0, 0, 0, 0, 0, 0, 0, 0, 0, 0, 0, 0, 0, 0, 0, 0, 0, 0, 0, 0, 0, 0,
         0, 0, 0, 0, 0, 0, 0, 0, 0, 0, 0, 0, 0, 0, 0, 1],
        [0, 0, 0, 0, 0, 0, 0, 0, 0, 0, 0, 0, 0, 0, 0, 0, 0, 0, 0, 0, 0, 0, 0, 0,
         0, 0, 0, 0, 0, 0, 0, 0, 0, 0, 0, 0, 0, 0, 0, 0, 0, 0, 0, 0, 0, 0, 0, 0,
         0, 0, 0, 0, 0, 0, 0, 0, 0, 0, 0, 0, 0, 0, 0, 8]])
ys[0] is 7
ys[1] is 8
ys[2] is -0.7848336696624756
i is 0 <class 'int'>
a is (tensor([[0.1013, 0.1314, 0.1083, 0.1025, 0.1027, 0.1135, 0.1420, 0.1171, 0.0811],
        [0.1003, 0.1321, 0.1089, 0.1024, 0.1032, 0.1128, 0.1428, 0.1170, 0.0806],
        [0.1002, 0.1321, 0.1092, 0.1027, 0.1031, 0.1131, 0.1424, 0.1166, 0.0807],
        [0.0998, 0.1330, 0.1100, 0.1021, 0.1039, 0.1126, 0.1422, 0.1162, 0.0802],
        [0.1020, 0.1314, 0.1080, 0.1023, 0.1021, 0.1134, 0.1425, 0.1172, 0.0810],
        [0.1017, 0.1324, 0.1085, 0.1028, 0.1021, 0.1130, 0.1427, 0.1160, 0.0810],
        [0.1015, 0.1332, 0.1093, 0.1027, 0.1029, 0.1129, 0.1417, 0.1147, 0.0811],
        [0.1034, 0.1320, 0.1082, 0.1033, 0.1009, 0.1144, 0.1403, 0.1162, 0.0813],
        [0.1044, 0.1330, 0.1088, 0.1042, 0.0998, 0.1146, 0.1393, 0.1146, 0.0813],
        [0.1057, 0.1337, 0.1096, 0.1044, 0.0996, 0.1150, 0.1374, 0.1127, 0.0818],
        [0.1013, 0.1314, 0.1083, 0.1025, 0.1027, 0.1135, 0.1420, 0.1171, 0.0811],
        [0.1017, 0.1304, 0.1081, 0.1011, 0.1028, 0.1146, 0.1417, 0.1172, 0.0824],
        [0.1037, 0.1302, 0.1078, 0.0993, 0.1026, 0.1155, 0.1406, 0.1163, 0.0840]],
       device='cuda:0'), tensor([[0.0626, 0.0640, 0.0617, 0.0625, 0.0611, 0.0890, 0.0710, 0.0796, 0.0741,
         0.0755, 0.0664, 0.0760, 0.0881, 0.0684],
        [0.0617, 0.0645, 0.0606, 0.0624, 0.0614, 0.0878, 0.0712, 0.0789, 0.0745,
         0.0772, 0.0665, 0.0775, 0.0882, 0.0676],
        [0.0611, 0.0644, 0.0603, 0.0626, 0.0617, 0.0877, 0.0714, 0.0791, 0.0749,
         0.0779, 0.0658, 0.0776, 0.0882, 0.0673],
        [0.0611, 0.0641, 0.0599, 0.0628, 0.0618, 0.0871, 0.0714, 0.0779, 0.0752,
         0.0792, 0.0656, 0.0795, 0.0876, 0.0668],
        [0.0626, 0.0639, 0.0623, 0.0628, 0.0611, 0.0888, 0.0711, 0.0795, 0.0744,
         0.0749, 0.0663, 0.0756, 0.0881, 0.0686],
        [0.0616, 0.0640, 0.0615, 0.0631, 0.0614, 0.0881, 0.0715, 0.0790, 0.0748,
         0.0765, 0.0658, 0.0765, 0.0881, 0.0680],
        [0.0611, 0.0634, 0.0611, 0.0634, 0.0616, 0.0881, 0.0716, 0.0782, 0.0751,
         0.0782, 0.0650, 0.0783, 0.0874, 0.0676],
        [0.0633, 0.0636, 0.0628, 0.0637, 0.0614, 0.0898, 0.0708, 0.0790, 0.0738,
         0.0749, 0.0652, 0.0756, 0.0874, 0.0686],
        [0.0630, 0.0637, 0.0627, 0.0647, 0.0617, 0.0894, 0.0708, 0.0776, 0.0742,
         0.0761, 0.0646, 0.0765, 0.0869, 0.0681],
        [0.0630, 0.0632, 0.0626, 0.0655, 0.0618, 0.0895, 0.0709, 0.0761, 0.0740,
         0.0777, 0.0641, 0.0783, 0.0857, 0.0676],
        [0.0626, 0.0640, 0.0617, 0.0625, 0.0611, 0.0890, 0.0710, 0.0796, 0.0741,
         0.0755, 0.0664, 0.0760, 0.0881, 0.0684],
        [0.0618, 0.0638, 0.0617, 0.0621, 0.0616, 0.0877, 0.0711, 0.0793, 0.0757,
         0.0764, 0.0664, 0.0760, 0.0887, 0.0679],
        [0.0618, 0.0626, 0.0624, 0.0618, 0.0620, 0.0866, 0.0712, 0.0777, 0.0765,
         0.0779, 0.0662, 0.0770, 0.0885, 0.0677]], device='cuda:0'), tensor([[0.1460],
        [0.1445],
        [0.1441],
        [0.1459],
        [0.1460],
        [0.1446],
        [0.1439],
        [0.1460],
        [0.1445],
        [0.1438],
        [0.1460],
        [0.1445],
        [0.1438]], device='cuda:0')) <class 'tuple'>
b is (tensor([7, 7, 6, 2, 7, 6, 2, 7, 6, 2, 7, 6, 2], device='cuda:0'), tensor([1, 6, 1, 7, 6, 6, 9, 4, 4, 9, 8, 8, 9], device='cuda:0'), tensor([-0.7848, -0.6151,  0.1109,  0.9618, -0.7437, -0.7435,  2.5440, -0.7848,
        -0.7391,  1.9232, -0.7836, -0.7803,  1.8104], device='cuda:0')) <class 'tuple'>
i is 1 <class 'int'>
a is (tensor([[0.1013, 0.1314, 0.1083, 0.1025, 0.1027, 0.1135, 0.1420, 0.1171, 0.0811],
        [0.1003, 0.1321, 0.1089, 0.1024, 0.1032, 0.1128, 0.1428, 0.1170, 0.0806],
        [0.1002, 0.1321, 0.1092, 0.1027, 0.1031, 0.1131, 0.1424, 0.1166, 0.0807],
        [0.0998, 0.1330, 0.1100, 0.1021, 0.1039, 0.1126, 0.1422, 0.1162, 0.0802],
        [0.1020, 0.1314, 0.1080, 0.1023, 0.1021, 0.1134, 0.1425, 0.1172, 0.0810],
        [0.1017, 0.1324, 0.1085, 0.1028, 0.1021, 0.1130, 0.1427, 0.1160, 0.0810],
        [0.1015, 0.1332, 0.1093, 0.1027, 0.1029, 0.1129, 0.1417, 0.1147, 0.0811],
        [0.1034, 0.1320, 0.1082, 0.1033, 0.1009, 0.1144, 0.1403, 0.1162, 0.0813],
        [0.1044, 0.1330, 0.1088, 0.1042, 0.0998, 0.1146, 0.1393, 0.1146, 0.0813],
        [0.1057, 0.1337, 0.1096, 0.1044, 0.0996, 0.1150, 0.1374, 0.1127, 0.0818],
        [0.1013, 0.1314, 0.1083, 0.1025, 0.1027, 0.1135, 0.1420, 0.1171, 0.0811],
        [0.1017, 0.1304, 0.1081, 0.1011, 0.1028, 0.1146, 0.1417, 0.1172, 0.0824],
        [0.1037, 0.1302, 0.1078, 0.0993, 0.1026, 0.1155, 0.1406, 0.1163, 0.0840]],
       device='cuda:0'), tensor([[0.0626, 0.0640, 0.0617, 0.0625, 0.0611, 0.0890, 0.0710, 0.0796, 0.0741,
         0.0755, 0.0664, 0.0760, 0.0881, 0.0684],
        [0.0617, 0.0645, 0.0606, 0.0624, 0.0614, 0.0878, 0.0712, 0.0789, 0.0745,
         0.0772, 0.0665, 0.0775, 0.0882, 0.0676],
        [0.0611, 0.0644, 0.0603, 0.0626, 0.0617, 0.0877, 0.0714, 0.0791, 0.0749,
         0.0779, 0.0658, 0.0776, 0.0882, 0.0673],
        [0.0611, 0.0641, 0.0599, 0.0628, 0.0618, 0.0871, 0.0714, 0.0779, 0.0752,
         0.0792, 0.0656, 0.0795, 0.0876, 0.0668],
        [0.0626, 0.0639, 0.0623, 0.0628, 0.0611, 0.0888, 0.0711, 0.0795, 0.0744,
         0.0749, 0.0663, 0.0756, 0.0881, 0.0686],
        [0.0616, 0.0640, 0.0615, 0.0631, 0.0614, 0.0881, 0.0715, 0.0790, 0.0748,
         0.0765, 0.0658, 0.0765, 0.0881, 0.0680],
        [0.0611, 0.0634, 0.0611, 0.0634, 0.0616, 0.0881, 0.0716, 0.0782, 0.0751,
         0.0782, 0.0650, 0.0783, 0.0874, 0.0676],
        [0.0633, 0.0636, 0.0628, 0.0637, 0.0614, 0.0898, 0.0708, 0.0790, 0.0738,
         0.0749, 0.0652, 0.0756, 0.0874, 0.0686],
        [0.0630, 0.0637, 0.0627, 0.0647, 0.0617, 0.0894, 0.0708, 0.0776, 0.0742,
         0.0761, 0.0646, 0.0765, 0.0869, 0.0681],
        [0.0630, 0.0632, 0.0626, 0.0655, 0.0618, 0.0895, 0.0709, 0.0761, 0.0740,
         0.0777, 0.0641, 0.0783, 0.0857, 0.0676],
        [0.0626, 0.0640, 0.0617, 0.0625, 0.0611, 0.0890, 0.0710, 0.0796, 0.0741,
         0.0755, 0.0664, 0.0760, 0.0881, 0.0684],
        [0.0618, 0.0638, 0.0617, 0.0621, 0.0616, 0.0877, 0.0711, 0.0793, 0.0757,
         0.0764, 0.0664, 0.0760, 0.0887, 0.0679],
        [0.0618, 0.0626, 0.0624, 0.0618, 0.0620, 0.0866, 0.0712, 0.0777, 0.0765,
         0.0779, 0.0662, 0.0770, 0.0885, 0.0677]], device='cuda:0'), tensor([[0.1460],
        [0.1445],
        [0.1441],
        [0.1459],
        [0.1460],
        [0.1446],
        [0.1439],
        [0.1460],
        [0.1445],
        [0.1438],
        [0.1460],
        [0.1445],
        [0.1438]], device='cuda:0')) <class 'tuple'>
b is (tensor([7, 7, 6, 2, 7, 6, 2, 7, 6, 2, 7, 6, 2], device='cuda:0'), tensor([1, 6, 1, 7, 6, 6, 9, 4, 4, 9, 8, 8, 9], device='cuda:0'), tensor([-0.7848, -0.6151,  0.1109,  0.9618, -0.7437, -0.7435,  2.5440, -0.7848,
        -0.7391,  1.9232, -0.7836, -0.7803,  1.8104], device='cuda:0')) <class 'tuple'>
i is 0 <class 'int'>
a is (tensor([[0.0553, 0.0995, 0.1330, 0.0760, 0.0827, 0.0744, 0.2620, 0.1695, 0.0478],
        [0.0551, 0.1003, 0.1339, 0.0762, 0.0833, 0.0737, 0.2630, 0.1667, 0.0479],
        [0.0557, 0.1020, 0.1344, 0.0770, 0.0836, 0.0738, 0.2611, 0.1639, 0.0486],
        [0.0562, 0.1032, 0.1363, 0.0778, 0.0847, 0.0739, 0.2577, 0.1614, 0.0489],
        [0.0551, 0.0988, 0.1328, 0.0758, 0.0827, 0.0751, 0.2606, 0.1713, 0.0478],
        [0.0558, 0.1008, 0.1333, 0.0765, 0.0828, 0.0745, 0.2610, 0.1671, 0.0482],
        [0.0572, 0.1040, 0.1351, 0.0783, 0.0839, 0.0751, 0.2552, 0.1617, 0.0494],
        [0.0563, 0.1008, 0.1322, 0.0776, 0.0824, 0.0763, 0.2560, 0.1702, 0.0482],
        [0.0573, 0.1022, 0.1324, 0.0789, 0.0824, 0.0775, 0.2522, 0.1681, 0.0490],
        [0.0600, 0.1054, 0.1339, 0.0813, 0.0831, 0.0796, 0.2430, 0.1632, 0.0505],
        [0.0553, 0.0995, 0.1330, 0.0760, 0.0827, 0.0744, 0.2620, 0.1695, 0.0478],
        [0.0554, 0.0992, 0.1330, 0.0752, 0.0836, 0.0746, 0.2623, 0.1679, 0.0488],
        [0.0565, 0.0996, 0.1343, 0.0759, 0.0843, 0.0754, 0.2584, 0.1660, 0.0497]],
       device='cuda:0'), tensor([[0.0356, 0.0715, 0.0511, 0.0584, 0.0428, 0.0771, 0.1098, 0.0678, 0.0671,
         0.1214, 0.0607, 0.0685, 0.0763, 0.0919],
        [0.0350, 0.0713, 0.0504, 0.0588, 0.0430, 0.0765, 0.1097, 0.0679, 0.0674,
         0.1258, 0.0598, 0.0696, 0.0753, 0.0896],
        [0.0346, 0.0704, 0.0502, 0.0592, 0.0434, 0.0765, 0.1097, 0.0682, 0.0679,
         0.1283, 0.0589, 0.0695, 0.0749, 0.0882],
        [0.0343, 0.0696, 0.0499, 0.0595, 0.0435, 0.0765, 0.1087, 0.0681, 0.0682,
         0.1337, 0.0579, 0.0708, 0.0733, 0.0860],
        [0.0360, 0.0712, 0.0514, 0.0583, 0.0430, 0.0776, 0.1094, 0.0680, 0.0673,
         0.1199, 0.0610, 0.0681, 0.0765, 0.0925],
        [0.0352, 0.0706, 0.0509, 0.0589, 0.0432, 0.0771, 0.1100, 0.0679, 0.0676,
         0.1239, 0.0598, 0.0687, 0.0758, 0.0905],
        [0.0347, 0.0690, 0.0506, 0.0595, 0.0436, 0.0771, 0.1093, 0.0681, 0.0683,
         0.1299, 0.0581, 0.0698, 0.0743, 0.0878],
        [0.0367, 0.0707, 0.0516, 0.0588, 0.0434, 0.0791, 0.1079, 0.0679, 0.0670,
         0.1199, 0.0607, 0.0677, 0.0765, 0.0922],
        [0.0371, 0.0703, 0.0514, 0.0598, 0.0440, 0.0798, 0.1063, 0.0680, 0.0672,
         0.1220, 0.0597, 0.0682, 0.0759, 0.0902],
        [0.0375, 0.0690, 0.0517, 0.0610, 0.0449, 0.0806, 0.1043, 0.0680, 0.0676,
         0.1260, 0.0583, 0.0696, 0.0744, 0.0873],
        [0.0356, 0.0715, 0.0511, 0.0584, 0.0428, 0.0771, 0.1098, 0.0678, 0.0671,
         0.1214, 0.0607, 0.0685, 0.0763, 0.0919],
        [0.0352, 0.0701, 0.0509, 0.0581, 0.0431, 0.0768, 0.1099, 0.0683, 0.0687,
         0.1238, 0.0596, 0.0687, 0.0763, 0.0905],
        [0.0345, 0.0684, 0.0509, 0.0581, 0.0432, 0.0764, 0.1094, 0.0682, 0.0700,
         0.1291, 0.0585, 0.0693, 0.0752, 0.0887]], device='cuda:0'), tensor([[-0.0609],
        [-0.0630],
        [-0.0616],
        [-0.0548],
        [-0.0609],
        [-0.0628],
        [-0.0623],
        [-0.0609],
        [-0.0630],
        [-0.0624],
        [-0.0609],
        [-0.0630],
        [-0.0626]], device='cuda:0')) <class 'tuple'>
b is (tensor([7, 7, 6, 2, 7, 6, 2, 7, 6, 2, 7, 6, 2], device='cuda:0'), tensor([1, 6, 1, 7, 6, 6, 9, 4, 4, 9, 8, 8, 9], device='cuda:0'), tensor([-0.7848, -0.6151,  0.1109,  0.9618, -0.7437, -0.7435,  2.5440, -0.7848,
        -0.7391,  1.9232, -0.7836, -0.7803,  1.8104], device='cuda:0')) <class 'tuple'>
i is 1 <class 'int'>
a is (tensor([[0.0553, 0.0995, 0.1330, 0.0760, 0.0827, 0.0744, 0.2620, 0.1695, 0.0478],
        [0.0551, 0.1003, 0.1339, 0.0762, 0.0833, 0.0737, 0.2630, 0.1667, 0.0479],
        [0.0557, 0.1020, 0.1344, 0.0770, 0.0836, 0.0738, 0.2611, 0.1639, 0.0486],
        [0.0562, 0.1032, 0.1363, 0.0778, 0.0847, 0.0739, 0.2577, 0.1614, 0.0489],
        [0.0551, 0.0988, 0.1328, 0.0758, 0.0827, 0.0751, 0.2606, 0.1713, 0.0478],
        [0.0558, 0.1008, 0.1333, 0.0765, 0.0828, 0.0745, 0.2610, 0.1671, 0.0482],
        [0.0572, 0.1040, 0.1351, 0.0783, 0.0839, 0.0751, 0.2552, 0.1617, 0.0494],
        [0.0563, 0.1008, 0.1322, 0.0776, 0.0824, 0.0763, 0.2560, 0.1702, 0.0482],
        [0.0573, 0.1022, 0.1324, 0.0789, 0.0824, 0.0775, 0.2522, 0.1681, 0.0490],
        [0.0600, 0.1054, 0.1339, 0.0813, 0.0831, 0.0796, 0.2430, 0.1632, 0.0505],
        [0.0553, 0.0995, 0.1330, 0.0760, 0.0827, 0.0744, 0.2620, 0.1695, 0.0478],
        [0.0554, 0.0992, 0.1330, 0.0752, 0.0836, 0.0746, 0.2623, 0.1679, 0.0488],
        [0.0565, 0.0996, 0.1343, 0.0759, 0.0843, 0.0754, 0.2584, 0.1660, 0.0497]],
       device='cuda:0'), tensor([[0.0356, 0.0715, 0.0511, 0.0584, 0.0428, 0.0771, 0.1098, 0.0678, 0.0671,
         0.1214, 0.0607, 0.0685, 0.0763, 0.0919],
        [0.0350, 0.0713, 0.0504, 0.0588, 0.0430, 0.0765, 0.1097, 0.0679, 0.0674,
         0.1258, 0.0598, 0.0696, 0.0753, 0.0896],
        [0.0346, 0.0704, 0.0502, 0.0592, 0.0434, 0.0765, 0.1097, 0.0682, 0.0679,
         0.1283, 0.0589, 0.0695, 0.0749, 0.0882],
        [0.0343, 0.0696, 0.0499, 0.0595, 0.0435, 0.0765, 0.1087, 0.0681, 0.0682,
         0.1337, 0.0579, 0.0708, 0.0733, 0.0860],
        [0.0360, 0.0712, 0.0514, 0.0583, 0.0430, 0.0776, 0.1094, 0.0680, 0.0673,
         0.1199, 0.0610, 0.0681, 0.0765, 0.0925],
        [0.0352, 0.0706, 0.0509, 0.0589, 0.0432, 0.0771, 0.1100, 0.0679, 0.0676,
         0.1239, 0.0598, 0.0687, 0.0758, 0.0905],
        [0.0347, 0.0690, 0.0506, 0.0595, 0.0436, 0.0771, 0.1093, 0.0681, 0.0683,
         0.1299, 0.0581, 0.0698, 0.0743, 0.0878],
        [0.0367, 0.0707, 0.0516, 0.0588, 0.0434, 0.0791, 0.1079, 0.0679, 0.0670,
         0.1199, 0.0607, 0.0677, 0.0765, 0.0922],
        [0.0371, 0.0703, 0.0514, 0.0598, 0.0440, 0.0798, 0.1063, 0.0680, 0.0672,
         0.1220, 0.0597, 0.0682, 0.0759, 0.0902],
        [0.0375, 0.0690, 0.0517, 0.0610, 0.0449, 0.0806, 0.1043, 0.0680, 0.0676,
         0.1260, 0.0583, 0.0696, 0.0744, 0.0873],
        [0.0356, 0.0715, 0.0511, 0.0584, 0.0428, 0.0771, 0.1098, 0.0678, 0.0671,
         0.1214, 0.0607, 0.0685, 0.0763, 0.0919],
        [0.0352, 0.0701, 0.0509, 0.0581, 0.0431, 0.0768, 0.1099, 0.0683, 0.0687,
         0.1238, 0.0596, 0.0687, 0.0763, 0.0905],
        [0.0345, 0.0684, 0.0509, 0.0581, 0.0432, 0.0764, 0.1094, 0.0682, 0.0700,
         0.1291, 0.0585, 0.0693, 0.0752, 0.0887]], device='cuda:0'), tensor([[-0.0609],
        [-0.0630],
        [-0.0616],
        [-0.0548],
        [-0.0609],
        [-0.0628],
        [-0.0623],
        [-0.0609],
        [-0.0630],
        [-0.0624],
        [-0.0609],
        [-0.0630],
        [-0.0626]], device='cuda:0')) <class 'tuple'>
b is (tensor([7, 7, 6, 2, 7, 6, 2, 7, 6, 2, 7, 6, 2], device='cuda:0'), tensor([1, 6, 1, 7, 6, 6, 9, 4, 4, 9, 8, 8, 9], device='cuda:0'), tensor([-0.7848, -0.6151,  0.1109,  0.9618, -0.7437, -0.7435,  2.5440, -0.7848,
        -0.7391,  1.9232, -0.7836, -0.7803,  1.8104], device='cuda:0')) <class 'tuple'>
i is 0 <class 'int'>
a is (tensor([[0.0021, 0.0048, 0.1457, 0.0044, 0.0048, 0.0048, 0.4869, 0.3448, 0.0017],
        [0.0021, 0.0049, 0.1461, 0.0044, 0.0048, 0.0048, 0.4878, 0.3434, 0.0017],
        [0.0021, 0.0049, 0.1466, 0.0044, 0.0049, 0.0049, 0.4894, 0.3411, 0.0017],
        [0.0021, 0.0049, 0.1478, 0.0045, 0.0049, 0.0049, 0.4902, 0.3390, 0.0018],
        [0.0021, 0.0049, 0.1455, 0.0044, 0.0048, 0.0048, 0.4861, 0.3457, 0.0017],
        [0.0021, 0.0049, 0.1463, 0.0044, 0.0048, 0.0048, 0.4881, 0.3428, 0.0017],
        [0.0021, 0.0049, 0.1480, 0.0045, 0.0049, 0.0049, 0.4903, 0.3387, 0.0018],
        [0.0021, 0.0050, 0.1458, 0.0044, 0.0049, 0.0049, 0.4859, 0.3453, 0.0017],
        [0.0021, 0.0050, 0.1463, 0.0045, 0.0049, 0.0049, 0.4859, 0.3446, 0.0018],
        [0.0022, 0.0050, 0.1480, 0.0045, 0.0050, 0.0049, 0.4867, 0.3419, 0.0018],
        [0.0021, 0.0048, 0.1457, 0.0044, 0.0048, 0.0048, 0.4869, 0.3448, 0.0017],
        [0.0021, 0.0049, 0.1458, 0.0044, 0.0049, 0.0049, 0.4891, 0.3423, 0.0017],
        [0.0021, 0.0049, 0.1470, 0.0044, 0.0049, 0.0049, 0.4907, 0.3394, 0.0017]],
       device='cuda:0'), tensor([[0.0016, 0.0158, 0.0064, 0.0111, 0.0037, 0.0136, 0.2998, 0.0106, 0.0167,
         0.5335, 0.0052, 0.0099, 0.0075, 0.0645],
        [0.0016, 0.0158, 0.0064, 0.0111, 0.0037, 0.0137, 0.2997, 0.0106, 0.0166,
         0.5341, 0.0052, 0.0099, 0.0074, 0.0643],
        [0.0016, 0.0159, 0.0064, 0.0111, 0.0037, 0.0137, 0.2996, 0.0106, 0.0167,
         0.5339, 0.0052, 0.0099, 0.0075, 0.0642],
        [0.0016, 0.0157, 0.0063, 0.0110, 0.0037, 0.0137, 0.2984, 0.0104, 0.0165,
         0.5363, 0.0052, 0.0098, 0.0073, 0.0641],
        [0.0016, 0.0159, 0.0065, 0.0113, 0.0038, 0.0137, 0.2994, 0.0108, 0.0170,
         0.5328, 0.0053, 0.0100, 0.0075, 0.0645],
        [0.0016, 0.0160, 0.0064, 0.0112, 0.0038, 0.0137, 0.2997, 0.0107, 0.0168,
         0.5330, 0.0053, 0.0099, 0.0075, 0.0644],
        [0.0016, 0.0159, 0.0063, 0.0111, 0.0037, 0.0137, 0.2986, 0.0105, 0.0167,
         0.5354, 0.0052, 0.0098, 0.0074, 0.0642],
        [0.0016, 0.0162, 0.0065, 0.0114, 0.0038, 0.0138, 0.2989, 0.0108, 0.0171,
         0.5322, 0.0053, 0.0100, 0.0076, 0.0645],
        [0.0016, 0.0163, 0.0066, 0.0115, 0.0039, 0.0139, 0.2987, 0.0109, 0.0173,
         0.5314, 0.0054, 0.0101, 0.0077, 0.0647],
        [0.0016, 0.0163, 0.0066, 0.0115, 0.0038, 0.0140, 0.2975, 0.0109, 0.0173,
         0.5327, 0.0054, 0.0100, 0.0076, 0.0648],
        [0.0016, 0.0158, 0.0064, 0.0111, 0.0037, 0.0136, 0.2998, 0.0106, 0.0167,
         0.5335, 0.0052, 0.0099, 0.0075, 0.0645],
        [0.0016, 0.0160, 0.0065, 0.0113, 0.0038, 0.0137, 0.2993, 0.0108, 0.0170,
         0.5326, 0.0053, 0.0100, 0.0076, 0.0645],
        [0.0016, 0.0159, 0.0064, 0.0112, 0.0037, 0.0137, 0.2985, 0.0107, 0.0170,
         0.5344, 0.0052, 0.0099, 0.0075, 0.0644]], device='cuda:0'), tensor([[-0.0736],
        [-0.0763],
        [-0.0727],
        [-0.0598],
        [-0.0736],
        [-0.0758],
        [-0.0742],
        [-0.0736],
        [-0.0763],
        [-0.0742],
        [-0.0736],
        [-0.0763],
        [-0.0747]], device='cuda:0')) <class 'tuple'>
b is (tensor([7, 7, 6, 2, 7, 6, 2, 7, 6, 2, 7, 6, 2], device='cuda:0'), tensor([1, 6, 1, 7, 6, 6, 9, 4, 4, 9, 8, 8, 9], device='cuda:0'), tensor([-0.7848, -0.6151,  0.1109,  0.9618, -0.7437, -0.7435,  2.5440, -0.7848,
        -0.7391,  1.9232, -0.7836, -0.7803,  1.8104], device='cuda:0')) <class 'tuple'>
i is 1 <class 'int'>
a is (tensor([[0.0021, 0.0048, 0.1457, 0.0044, 0.0048, 0.0048, 0.4869, 0.3448, 0.0017],
        [0.0021, 0.0049, 0.1461, 0.0044, 0.0048, 0.0048, 0.4878, 0.3434, 0.0017],
        [0.0021, 0.0049, 0.1466, 0.0044, 0.0049, 0.0049, 0.4894, 0.3411, 0.0017],
        [0.0021, 0.0049, 0.1478, 0.0045, 0.0049, 0.0049, 0.4902, 0.3390, 0.0018],
        [0.0021, 0.0049, 0.1455, 0.0044, 0.0048, 0.0048, 0.4861, 0.3457, 0.0017],
        [0.0021, 0.0049, 0.1463, 0.0044, 0.0048, 0.0048, 0.4881, 0.3428, 0.0017],
        [0.0021, 0.0049, 0.1480, 0.0045, 0.0049, 0.0049, 0.4903, 0.3387, 0.0018],
        [0.0021, 0.0050, 0.1458, 0.0044, 0.0049, 0.0049, 0.4859, 0.3453, 0.0017],
        [0.0021, 0.0050, 0.1463, 0.0045, 0.0049, 0.0049, 0.4859, 0.3446, 0.0018],
        [0.0022, 0.0050, 0.1480, 0.0045, 0.0050, 0.0049, 0.4867, 0.3419, 0.0018],
        [0.0021, 0.0048, 0.1457, 0.0044, 0.0048, 0.0048, 0.4869, 0.3448, 0.0017],
        [0.0021, 0.0049, 0.1458, 0.0044, 0.0049, 0.0049, 0.4891, 0.3423, 0.0017],
        [0.0021, 0.0049, 0.1470, 0.0044, 0.0049, 0.0049, 0.4907, 0.3394, 0.0017]],
       device='cuda:0'), tensor([[0.0016, 0.0158, 0.0064, 0.0111, 0.0037, 0.0136, 0.2998, 0.0106, 0.0167,
         0.5335, 0.0052, 0.0099, 0.0075, 0.0645],
        [0.0016, 0.0158, 0.0064, 0.0111, 0.0037, 0.0137, 0.2997, 0.0106, 0.0166,
         0.5341, 0.0052, 0.0099, 0.0074, 0.0643],
        [0.0016, 0.0159, 0.0064, 0.0111, 0.0037, 0.0137, 0.2996, 0.0106, 0.0167,
         0.5339, 0.0052, 0.0099, 0.0075, 0.0642],
        [0.0016, 0.0157, 0.0063, 0.0110, 0.0037, 0.0137, 0.2984, 0.0104, 0.0165,
         0.5363, 0.0052, 0.0098, 0.0073, 0.0641],
        [0.0016, 0.0159, 0.0065, 0.0113, 0.0038, 0.0137, 0.2994, 0.0108, 0.0170,
         0.5328, 0.0053, 0.0100, 0.0075, 0.0645],
        [0.0016, 0.0160, 0.0064, 0.0112, 0.0038, 0.0137, 0.2997, 0.0107, 0.0168,
         0.5330, 0.0053, 0.0099, 0.0075, 0.0644],
        [0.0016, 0.0159, 0.0063, 0.0111, 0.0037, 0.0137, 0.2986, 0.0105, 0.0167,
         0.5354, 0.0052, 0.0098, 0.0074, 0.0642],
        [0.0016, 0.0162, 0.0065, 0.0114, 0.0038, 0.0138, 0.2989, 0.0108, 0.0171,
         0.5322, 0.0053, 0.0100, 0.0076, 0.0645],
        [0.0016, 0.0163, 0.0066, 0.0115, 0.0039, 0.0139, 0.2987, 0.0109, 0.0173,
         0.5314, 0.0054, 0.0101, 0.0077, 0.0647],
        [0.0016, 0.0163, 0.0066, 0.0115, 0.0038, 0.0140, 0.2975, 0.0109, 0.0173,
         0.5327, 0.0054, 0.0100, 0.0076, 0.0648],
        [0.0016, 0.0158, 0.0064, 0.0111, 0.0037, 0.0136, 0.2998, 0.0106, 0.0167,
         0.5335, 0.0052, 0.0099, 0.0075, 0.0645],
        [0.0016, 0.0160, 0.0065, 0.0113, 0.0038, 0.0137, 0.2993, 0.0108, 0.0170,
         0.5326, 0.0053, 0.0100, 0.0076, 0.0645],
        [0.0016, 0.0159, 0.0064, 0.0112, 0.0037, 0.0137, 0.2985, 0.0107, 0.0170,
         0.5344, 0.0052, 0.0099, 0.0075, 0.0644]], device='cuda:0'), tensor([[-0.0736],
        [-0.0763],
        [-0.0727],
        [-0.0598],
        [-0.0736],
        [-0.0758],
        [-0.0742],
        [-0.0736],
        [-0.0763],
        [-0.0742],
        [-0.0736],
        [-0.0763],
        [-0.0747]], device='cuda:0')) <class 'tuple'>
b is (tensor([7, 7, 6, 2, 7, 6, 2, 7, 6, 2, 7, 6, 2], device='cuda:0'), tensor([1, 6, 1, 7, 6, 6, 9, 4, 4, 9, 8, 8, 9], device='cuda:0'), tensor([-0.7848, -0.6151,  0.1109,  0.9618, -0.7437, -0.7435,  2.5440, -0.7848,
        -0.7391,  1.9232, -0.7836, -0.7803,  1.8104], device='cuda:0')) <class 'tuple'>
i is 0 <class 'int'>
a is (tensor([[6.5253e-05, 1.4929e-04, 1.6190e-01, 1.4379e-04, 1.5346e-04, 1.3969e-04,
         7.0351e-01, 1.3388e-01, 5.4234e-05],
        [6.5130e-05, 1.4888e-04, 1.6224e-01, 1.4351e-04, 1.5324e-04, 1.3939e-04,
         7.0316e-01, 1.3389e-01, 5.4183e-05],
        [6.5381e-05, 1.4870e-04, 1.6287e-01, 1.4369e-04, 1.5358e-04, 1.4018e-04,
         7.0233e-01, 1.3409e-01, 5.4382e-05],
        [6.4746e-05, 1.4631e-04, 1.6512e-01, 1.4233e-04, 1.5225e-04, 1.3972e-04,
         6.9919e-01, 1.3499e-01, 5.4315e-05],
        [6.5544e-05, 1.5014e-04, 1.6155e-01, 1.4435e-04, 1.5415e-04, 1.3989e-04,
         7.0416e-01, 1.3358e-01, 5.4315e-05],
        [6.5160e-05, 1.4867e-04, 1.6259e-01, 1.4343e-04, 1.5336e-04, 1.3965e-04,
         7.0266e-01, 1.3405e-01, 5.4246e-05],
        [6.4580e-05, 1.4623e-04, 1.6515e-01, 1.4201e-04, 1.5250e-04, 1.3935e-04,
         6.9914e-01, 1.3500e-01, 5.4210e-05],
        [6.5833e-05, 1.5067e-04, 1.6164e-01, 1.4485e-04, 1.5486e-04, 1.4044e-04,
         7.0409e-01, 1.3356e-01, 5.4499e-05],
        [6.5813e-05, 1.5066e-04, 1.6184e-01, 1.4481e-04, 1.5502e-04, 1.4018e-04,
         7.0399e-01, 1.3345e-01, 5.4494e-05],
        [6.4440e-05, 1.4712e-04, 1.6441e-01, 1.4209e-04, 1.5312e-04, 1.3821e-04,
         7.0042e-01, 1.3447e-01, 5.4042e-05],
        [6.5253e-05, 1.4929e-04, 1.6190e-01, 1.4379e-04, 1.5346e-04, 1.3969e-04,
         7.0351e-01, 1.3388e-01, 5.4234e-05],
        [6.5833e-05, 1.5047e-04, 1.6174e-01, 1.4471e-04, 1.5482e-04, 1.4044e-04,
         7.0408e-01, 1.3348e-01, 5.4470e-05],
        [6.4787e-05, 1.4735e-04, 1.6387e-01, 1.4252e-04, 1.5291e-04, 1.3928e-04,
         7.0099e-01, 1.3444e-01, 5.4157e-05]], device='cuda:0'), tensor([[2.1283e-05, 3.4215e-04, 8.4655e-05, 1.5236e-04, 4.8661e-05, 2.0972e-04,
         7.0077e-01, 1.7110e-04, 2.1924e-04, 2.9582e-01, 6.8757e-05, 1.0851e-04,
         9.8734e-05, 1.8815e-03],
        [2.1283e-05, 3.4211e-04, 8.4619e-05, 1.5230e-04, 4.8654e-05, 2.0977e-04,
         7.0067e-01, 1.7106e-04, 2.1921e-04, 2.9592e-01, 6.8761e-05, 1.0849e-04,
         9.8700e-05, 1.8806e-03],
        [2.1274e-05, 3.4196e-04, 8.4511e-05, 1.5216e-04, 4.8621e-05, 2.0982e-04,
         7.0048e-01, 1.7091e-04, 2.1899e-04, 2.9612e-01, 6.8740e-05, 1.0841e-04,
         9.8576e-05, 1.8789e-03],
        [2.1312e-05, 3.4193e-04, 8.4386e-05, 1.5204e-04, 4.8632e-05, 2.1051e-04,
         6.9972e-01, 1.7082e-04, 2.1889e-04, 2.9688e-01, 6.8831e-05, 1.0848e-04,
         9.8439e-05, 1.8771e-03],
        [2.1303e-05, 3.4238e-04, 8.4760e-05, 1.5253e-04, 4.8711e-05, 2.0983e-04,
         7.0078e-01, 1.7129e-04, 2.1953e-04, 2.9581e-01, 6.8803e-05, 1.0864e-04,
         9.8850e-05, 1.8833e-03],
        [2.1292e-05, 3.4228e-04, 8.4656e-05, 1.5238e-04, 4.8676e-05, 2.0987e-04,
         7.0062e-01, 1.7113e-04, 2.1929e-04, 2.9597e-01, 6.8800e-05, 1.0853e-04,
         9.8751e-05, 1.8811e-03],
        [2.1346e-05, 3.4278e-04, 8.4650e-05, 1.5248e-04, 4.8745e-05, 2.1069e-04,
         6.9985e-01, 1.7122e-04, 2.1944e-04, 2.9674e-01, 6.8987e-05, 1.0871e-04,
         9.8760e-05, 1.8807e-03],
        [2.1325e-05, 3.4283e-04, 8.4836e-05, 1.5269e-04, 4.8761e-05, 2.1007e-04,
         7.0072e-01, 1.7142e-04, 2.1969e-04, 2.9587e-01, 6.8900e-05, 1.0874e-04,
         9.8941e-05, 1.8848e-03],
        [2.1349e-05, 3.4315e-04, 8.4919e-05, 1.5285e-04, 4.8812e-05, 2.1027e-04,
         7.0065e-01, 1.7159e-04, 2.1993e-04, 2.9593e-01, 6.8984e-05, 1.0885e-04,
         9.9051e-05, 1.8861e-03],
        [2.1431e-05, 3.4424e-04, 8.5133e-05, 1.5327e-04, 4.8968e-05, 2.1120e-04,
         7.0000e-01, 1.7204e-04, 2.2059e-04, 2.9658e-01, 6.9279e-05, 1.0921e-04,
         9.9323e-05, 1.8884e-03],
        [2.1283e-05, 3.4215e-04, 8.4655e-05, 1.5236e-04, 4.8661e-05, 2.0972e-04,
         7.0077e-01, 1.7110e-04, 2.1924e-04, 2.9582e-01, 6.8757e-05, 1.0851e-04,
         9.8734e-05, 1.8815e-03],
        [2.1307e-05, 3.4240e-04, 8.4775e-05, 1.5257e-04, 4.8720e-05, 2.0988e-04,
         7.0074e-01, 1.7133e-04, 2.1959e-04, 2.9584e-01, 6.8820e-05, 1.0868e-04,
         9.8878e-05, 1.8835e-03],
        [2.1329e-05, 3.4255e-04, 8.4697e-05, 1.5248e-04, 4.8730e-05, 2.1032e-04,
         7.0018e-01, 1.7129e-04, 2.1957e-04, 2.9641e-01, 6.8899e-05, 1.0869e-04,
         9.8788e-05, 1.8815e-03]], device='cuda:0'), tensor([[0.1531],
        [0.1512],
        [0.1541],
        [0.1662],
        [0.1531],
        [0.1518],
        [0.1523],
        [0.1531],
        [0.1512],
        [0.1522],
        [0.1531],
        [0.1512],
        [0.1516]], device='cuda:0')) <class 'tuple'>
b is (tensor([7, 7, 6, 2, 7, 6, 2, 7, 6, 2, 7, 6, 2], device='cuda:0'), tensor([1, 6, 1, 7, 6, 6, 9, 4, 4, 9, 8, 8, 9], device='cuda:0'), tensor([-0.7848, -0.6151,  0.1109,  0.9618, -0.7437, -0.7435,  2.5440, -0.7848,
        -0.7391,  1.9232, -0.7836, -0.7803,  1.8104], device='cuda:0')) <class 'tuple'>
i is 1 <class 'int'>
a is (tensor([[6.5253e-05, 1.4929e-04, 1.6190e-01, 1.4379e-04, 1.5346e-04, 1.3969e-04,
         7.0351e-01, 1.3388e-01, 5.4234e-05],
        [6.5130e-05, 1.4888e-04, 1.6224e-01, 1.4351e-04, 1.5324e-04, 1.3939e-04,
         7.0316e-01, 1.3389e-01, 5.4183e-05],
        [6.5381e-05, 1.4870e-04, 1.6287e-01, 1.4369e-04, 1.5358e-04, 1.4018e-04,
         7.0233e-01, 1.3409e-01, 5.4382e-05],
        [6.4746e-05, 1.4631e-04, 1.6512e-01, 1.4233e-04, 1.5225e-04, 1.3972e-04,
         6.9919e-01, 1.3499e-01, 5.4315e-05],
        [6.5544e-05, 1.5014e-04, 1.6155e-01, 1.4435e-04, 1.5415e-04, 1.3989e-04,
         7.0416e-01, 1.3358e-01, 5.4315e-05],
        [6.5160e-05, 1.4867e-04, 1.6259e-01, 1.4343e-04, 1.5336e-04, 1.3965e-04,
         7.0266e-01, 1.3405e-01, 5.4246e-05],
        [6.4580e-05, 1.4623e-04, 1.6515e-01, 1.4201e-04, 1.5250e-04, 1.3935e-04,
         6.9914e-01, 1.3500e-01, 5.4210e-05],
        [6.5833e-05, 1.5067e-04, 1.6164e-01, 1.4485e-04, 1.5486e-04, 1.4044e-04,
         7.0409e-01, 1.3356e-01, 5.4499e-05],
        [6.5813e-05, 1.5066e-04, 1.6184e-01, 1.4481e-04, 1.5502e-04, 1.4018e-04,
         7.0399e-01, 1.3345e-01, 5.4494e-05],
        [6.4440e-05, 1.4712e-04, 1.6441e-01, 1.4209e-04, 1.5312e-04, 1.3821e-04,
         7.0042e-01, 1.3447e-01, 5.4042e-05],
        [6.5253e-05, 1.4929e-04, 1.6190e-01, 1.4379e-04, 1.5346e-04, 1.3969e-04,
         7.0351e-01, 1.3388e-01, 5.4234e-05],
        [6.5833e-05, 1.5047e-04, 1.6174e-01, 1.4471e-04, 1.5482e-04, 1.4044e-04,
         7.0408e-01, 1.3348e-01, 5.4470e-05],
        [6.4787e-05, 1.4735e-04, 1.6387e-01, 1.4252e-04, 1.5291e-04, 1.3928e-04,
         7.0099e-01, 1.3444e-01, 5.4157e-05]], device='cuda:0'), tensor([[2.1283e-05, 3.4215e-04, 8.4655e-05, 1.5236e-04, 4.8661e-05, 2.0972e-04,
         7.0077e-01, 1.7110e-04, 2.1924e-04, 2.9582e-01, 6.8757e-05, 1.0851e-04,
         9.8734e-05, 1.8815e-03],
        [2.1283e-05, 3.4211e-04, 8.4619e-05, 1.5230e-04, 4.8654e-05, 2.0977e-04,
         7.0067e-01, 1.7106e-04, 2.1921e-04, 2.9592e-01, 6.8761e-05, 1.0849e-04,
         9.8700e-05, 1.8806e-03],
        [2.1274e-05, 3.4196e-04, 8.4511e-05, 1.5216e-04, 4.8621e-05, 2.0982e-04,
         7.0048e-01, 1.7091e-04, 2.1899e-04, 2.9612e-01, 6.8740e-05, 1.0841e-04,
         9.8576e-05, 1.8789e-03],
        [2.1312e-05, 3.4193e-04, 8.4386e-05, 1.5204e-04, 4.8632e-05, 2.1051e-04,
         6.9972e-01, 1.7082e-04, 2.1889e-04, 2.9688e-01, 6.8831e-05, 1.0848e-04,
         9.8439e-05, 1.8771e-03],
        [2.1303e-05, 3.4238e-04, 8.4760e-05, 1.5253e-04, 4.8711e-05, 2.0983e-04,
         7.0078e-01, 1.7129e-04, 2.1953e-04, 2.9581e-01, 6.8803e-05, 1.0864e-04,
         9.8850e-05, 1.8833e-03],
        [2.1292e-05, 3.4228e-04, 8.4656e-05, 1.5238e-04, 4.8676e-05, 2.0987e-04,
         7.0062e-01, 1.7113e-04, 2.1929e-04, 2.9597e-01, 6.8800e-05, 1.0853e-04,
         9.8751e-05, 1.8811e-03],
        [2.1346e-05, 3.4278e-04, 8.4650e-05, 1.5248e-04, 4.8745e-05, 2.1069e-04,
         6.9985e-01, 1.7122e-04, 2.1944e-04, 2.9674e-01, 6.8987e-05, 1.0871e-04,
         9.8760e-05, 1.8807e-03],
        [2.1325e-05, 3.4283e-04, 8.4836e-05, 1.5269e-04, 4.8761e-05, 2.1007e-04,
         7.0072e-01, 1.7142e-04, 2.1969e-04, 2.9587e-01, 6.8900e-05, 1.0874e-04,
         9.8941e-05, 1.8848e-03],
        [2.1349e-05, 3.4315e-04, 8.4919e-05, 1.5285e-04, 4.8812e-05, 2.1027e-04,
         7.0065e-01, 1.7159e-04, 2.1993e-04, 2.9593e-01, 6.8984e-05, 1.0885e-04,
         9.9051e-05, 1.8861e-03],
        [2.1431e-05, 3.4424e-04, 8.5133e-05, 1.5327e-04, 4.8968e-05, 2.1120e-04,
         7.0000e-01, 1.7204e-04, 2.2059e-04, 2.9658e-01, 6.9279e-05, 1.0921e-04,
         9.9323e-05, 1.8884e-03],
        [2.1283e-05, 3.4215e-04, 8.4655e-05, 1.5236e-04, 4.8661e-05, 2.0972e-04,
         7.0077e-01, 1.7110e-04, 2.1924e-04, 2.9582e-01, 6.8757e-05, 1.0851e-04,
         9.8734e-05, 1.8815e-03],
        [2.1307e-05, 3.4240e-04, 8.4775e-05, 1.5257e-04, 4.8720e-05, 2.0988e-04,
         7.0074e-01, 1.7133e-04, 2.1959e-04, 2.9584e-01, 6.8820e-05, 1.0868e-04,
         9.8878e-05, 1.8835e-03],
        [2.1329e-05, 3.4255e-04, 8.4697e-05, 1.5248e-04, 4.8730e-05, 2.1032e-04,
         7.0018e-01, 1.7129e-04, 2.1957e-04, 2.9641e-01, 6.8899e-05, 1.0869e-04,
         9.8788e-05, 1.8815e-03]], device='cuda:0'), tensor([[0.1531],
        [0.1512],
        [0.1541],
        [0.1662],
        [0.1531],
        [0.1518],
        [0.1523],
        [0.1531],
        [0.1512],
        [0.1522],
        [0.1531],
        [0.1512],
        [0.1516]], device='cuda:0')) <class 'tuple'>
b is (tensor([7, 7, 6, 2, 7, 6, 2, 7, 6, 2, 7, 6, 2], device='cuda:0'), tensor([1, 6, 1, 7, 6, 6, 9, 4, 4, 9, 8, 8, 9], device='cuda:0'), tensor([-0.7848, -0.6151,  0.1109,  0.9618, -0.7437, -0.7435,  2.5440, -0.7848,
        -0.7391,  1.9232, -0.7836, -0.7803,  1.8104], device='cuda:0')) <class 'tuple'>
i is 0 <class 'int'>
a is (tensor([[3.9585e-06, 8.7548e-06, 3.8436e-01, 8.7503e-06, 9.0036e-06, 1.0543e-05,
         1.2997e-01, 4.8563e-01, 3.7667e-06],
        [3.9759e-06, 8.7741e-06, 3.8572e-01, 8.7780e-06, 9.0349e-06, 1.0558e-05,
         1.2988e-01, 4.8436e-01, 3.7868e-06],
        [4.0385e-06, 8.8666e-06, 3.8946e-01, 8.8783e-06, 9.1624e-06, 1.0625e-05,
         1.3000e-01, 4.8050e-01, 3.8595e-06],
        [4.2738e-06, 9.2241e-06, 4.0335e-01, 9.2519e-06, 9.6566e-06, 1.0865e-05,
         1.3052e-01, 4.6608e-01, 4.1441e-06],
        [3.9574e-06, 8.7536e-06, 3.8433e-01, 8.7449e-06, 9.0031e-06, 1.0537e-05,
         1.3001e-01, 4.8562e-01, 3.7668e-06],
        [3.9727e-06, 8.7683e-06, 3.8569e-01, 8.7721e-06, 9.0294e-06, 1.0553e-05,
         1.2984e-01, 4.8443e-01, 3.7841e-06],
        [4.1487e-06, 9.0483e-06, 3.9602e-01, 9.0754e-06, 9.4000e-06, 1.0754e-05,
         1.3012e-01, 4.7382e-01, 3.9900e-06],
        [3.9588e-06, 8.7567e-06, 3.8434e-01, 8.7483e-06, 9.0062e-06, 1.0540e-05,
         1.3002e-01, 4.8560e-01, 3.7676e-06],
        [3.9659e-06, 8.7616e-06, 3.8506e-01, 8.7564e-06, 9.0194e-06, 1.0541e-05,
         1.2996e-01, 4.8494e-01, 3.7761e-06],
        [4.0717e-06, 8.9237e-06, 3.9208e-01, 8.9423e-06, 9.2436e-06, 1.0660e-05,
         1.2987e-01, 4.7800e-01, 3.9012e-06],
        [3.9585e-06, 8.7548e-06, 3.8436e-01, 8.7503e-06, 9.0036e-06, 1.0543e-05,
         1.2997e-01, 4.8563e-01, 3.7667e-06],
        [3.9805e-06, 8.7965e-06, 3.8496e-01, 8.7872e-06, 9.0536e-06, 1.0577e-05,
         1.3018e-01, 4.8482e-01, 3.7862e-06],
        [4.0596e-06, 8.9044e-06, 3.9137e-01, 8.9201e-06, 9.2181e-06, 1.0649e-05,
         1.2988e-01, 4.7871e-01, 3.8874e-06]], device='cuda:0'), tensor([[1.3311e-06, 2.4200e-05, 3.8473e-06, 7.1197e-06, 2.5220e-06, 9.0009e-06,
         5.9957e-01, 9.1876e-06, 1.1073e-05, 4.0021e-01, 3.6941e-06, 4.8499e-06,
         4.9081e-06, 1.3929e-04],
        [1.3332e-06, 2.4158e-05, 3.8453e-06, 7.1365e-06, 2.5246e-06, 9.0321e-06,
         5.9889e-01, 9.1964e-06, 1.1086e-05, 4.0089e-01, 3.7081e-06, 4.8538e-06,
         4.9142e-06, 1.3890e-04],
        [1.3353e-06, 2.4128e-05, 3.8448e-06, 7.1524e-06, 2.5274e-06, 9.0599e-06,
         5.9834e-01, 9.2059e-06, 1.1100e-05, 4.0144e-01, 3.7205e-06, 4.8585e-06,
         4.9206e-06, 1.3862e-04],
        [1.3398e-06, 2.4094e-05, 3.8470e-06, 7.1848e-06, 2.5340e-06, 9.1132e-06,
         5.9739e-01, 9.2282e-06, 1.1131e-05, 4.0239e-01, 3.7446e-06, 4.8704e-06,
         4.9355e-06, 1.3824e-04],
        [1.3307e-06, 2.4221e-05, 3.8497e-06, 7.1164e-06, 2.5219e-06, 8.9920e-06,
         5.9984e-01, 9.1874e-06, 1.1072e-05, 3.9994e-01, 3.6904e-06, 4.8501e-06,
         4.9080e-06, 1.3946e-04],
        [1.3331e-06, 2.4162e-05, 3.8456e-06, 7.1357e-06, 2.5245e-06, 9.0303e-06,
         5.9893e-01, 9.1962e-06, 1.1086e-05, 4.0085e-01, 3.7073e-06, 4.8538e-06,
         4.9140e-06, 1.3893e-04],
        [1.3398e-06, 2.4101e-05, 3.8476e-06, 7.1845e-06, 2.5341e-06, 9.1120e-06,
         5.9743e-01, 9.2286e-06, 1.1132e-05, 4.0235e-01, 3.7441e-06, 4.8708e-06,
         4.9357e-06, 1.3828e-04],
        [1.3309e-06, 2.4221e-05, 3.8498e-06, 7.1179e-06, 2.5222e-06, 8.9944e-06,
         5.9980e-01, 9.1885e-06, 1.1073e-05, 3.9998e-01, 3.6915e-06, 4.8507e-06,
         4.9088e-06, 1.3945e-04],
        [1.3320e-06, 2.4202e-05, 3.8493e-06, 7.1267e-06, 2.5236e-06, 9.0097e-06,
         5.9948e-01, 9.1934e-06, 1.1081e-05, 4.0029e-01, 3.6985e-06, 4.8529e-06,
         4.9122e-06, 1.3928e-04],
        [1.3385e-06, 2.4120e-05, 3.8480e-06, 7.1752e-06, 2.5325e-06, 9.0949e-06,
         5.9777e-01, 9.2232e-06, 1.1124e-05, 4.0201e-01, 3.7365e-06, 4.8680e-06,
         4.9321e-06, 1.3845e-04],
        [1.3311e-06, 2.4200e-05, 3.8473e-06, 7.1197e-06, 2.5220e-06, 9.0009e-06,
         5.9957e-01, 9.1876e-06, 1.1073e-05, 4.0021e-01, 3.6941e-06, 4.8499e-06,
         4.9081e-06, 1.3929e-04],
        [1.3313e-06, 2.4211e-05, 3.8490e-06, 7.1209e-06, 2.5227e-06, 9.0001e-06,
         5.9965e-01, 9.1901e-06, 1.1076e-05, 4.0013e-01, 3.6939e-06, 4.8516e-06,
         4.9095e-06, 1.3938e-04],
        [1.3372e-06, 2.4120e-05, 3.8463e-06, 7.1657e-06, 2.5304e-06, 9.0813e-06,
         5.9796e-01, 9.2161e-06, 1.1114e-05, 4.0182e-01, 3.7301e-06, 4.8642e-06,
         4.9270e-06, 1.3850e-04]], device='cuda:0'), tensor([[0.1428],
        [0.1389],
        [0.1521],
        [0.1999],
        [0.1428],
        [0.1408],
        [0.1457],
        [0.1428],
        [0.1389],
        [0.1458],
        [0.1428],
        [0.1390],
        [0.1437]], device='cuda:0')) <class 'tuple'>
b is (tensor([7, 7, 6, 2, 7, 6, 2, 7, 6, 2, 7, 6, 2], device='cuda:0'), tensor([1, 6, 1, 7, 6, 6, 9, 4, 4, 9, 8, 8, 9], device='cuda:0'), tensor([-0.7848, -0.6151,  0.1109,  0.9618, -0.7437, -0.7435,  2.5440, -0.7848,
        -0.7391,  1.9232, -0.7836, -0.7803,  1.8104], device='cuda:0')) <class 'tuple'>
i is 1 <class 'int'>
a is (tensor([[3.9585e-06, 8.7548e-06, 3.8436e-01, 8.7503e-06, 9.0036e-06, 1.0543e-05,
         1.2997e-01, 4.8563e-01, 3.7667e-06],
        [3.9759e-06, 8.7741e-06, 3.8572e-01, 8.7780e-06, 9.0349e-06, 1.0558e-05,
         1.2988e-01, 4.8436e-01, 3.7868e-06],
        [4.0385e-06, 8.8666e-06, 3.8946e-01, 8.8783e-06, 9.1624e-06, 1.0625e-05,
         1.3000e-01, 4.8050e-01, 3.8595e-06],
        [4.2738e-06, 9.2241e-06, 4.0335e-01, 9.2519e-06, 9.6566e-06, 1.0865e-05,
         1.3052e-01, 4.6608e-01, 4.1441e-06],
        [3.9574e-06, 8.7536e-06, 3.8433e-01, 8.7449e-06, 9.0031e-06, 1.0537e-05,
         1.3001e-01, 4.8562e-01, 3.7668e-06],
        [3.9727e-06, 8.7683e-06, 3.8569e-01, 8.7721e-06, 9.0294e-06, 1.0553e-05,
         1.2984e-01, 4.8443e-01, 3.7841e-06],
